cycle_count	trial_nr	key_pressed	response	response_time
1	1	1	0	2.0089	
1	2	0	1	0.8283	
1	3	0	0	1.456	
1	4	0	1	2.0554	
1	5	0	0	1.5063	
1	6	1	1	1.3318	
1	7	1	0	1.9589	
1	8	0	0	1.5057	
2	1	1	1	2.3565	
2	2	0	1	0.9025	
2	2	1	0	2.8356	
2	3	1	1	2.3075	
2	4	0	0	3.5399	
2	5	1	0	1.2805	
2	6	1	0	1.9314	
2	7	1	1	1.3796	
2	8	1	1	1.4801	
3	1	0	0	6.8514	
3	1	1	1	0.9277	
3	2	1	0	1.1041	
3	3	1	0	1.1547	
3	4	1	1	1.0532	
3	5	1	1	0.728	
3	6	0	1	0.9293	
3	7	1	0	1.1561	
3	8	1	1	0.9545	
4	1	0	1	6.4471	
4	2	1	0	1.2823	
4	3	0	0	1.2308	
4	4	1	0	1.2814	
4	5	0	0	1.1298	
4	5	1	1	0.7038	
4	6	0	1	1.7344	
4	6	1	0	1.2297	
4	7	0	0	2.2082	
4	8	1	0	1.685	
4	8	0	1	3.9185	